ID GC age w
1 401 111 0 1.38
2 403 111 0 1.12
3 404 211 0 1.35
4 406 211 0 1.12
5 407 212 0 1.11
6 409 112 0 1.02
7 411 112 0 1.01
8 412 112 0 1.23
9 413 211 0 1.01
10 414 211 0 0.99
11 415 211 0 0.93
12 416 212 0 1.01
13 418 211 0 0.94
14 421 111 0 1.22
15 423 111 0 1.1
16 424 212 0 1.46
17 426 211 0 1.23
18 428 211 0 1.19
19 429 111 0 1.62
20 432 211 0 1.52
21 433 111 0 1.19
22 434 211 0 1.63
23 435 211 0 1.04
24 440 111 0 1.19
25 441 211 0 1.4
26 442 211 0 1.41
27 446 211 0 1.41
28 448 111 0 1.06
29 449 112 0 1.08
30 450 111 0 1.21
31 452 211 0 0.9
32 453 212 0 1.09
33 456 212 0 1.21
34 457 212 0 0.71
35 459 111 0 1.26
36 460 111 0 1.4
37 461 212 0 1.52
38 462 211 0 1.07
39 463 111 0 1.25
40 466 111 0 1.09
41 469 111 0 1.03
42 472 211 0 1.28
43 473 211 0 1.14
44 474 111 0 1.15
45 477 211 0 0.63
46 478 211 0 1.13
47 479 211 0 1.14
48 481 111 0 1.18
49 482 111 0 1.25
50 486 211 0 0.92
51 488 211 0 1.24
52 489 212 0 0.94
53 490 212 0 1.27
54 494 112 0 1.25
55 497 211 0 1.31
56 498 211 0 1.07
57 499 111 0 1.91
58 500 111 0 1.47
59 502 111 0 1.28
60 503 111 0 1.44
61 504 211 0 0.85
62 505 211 0 1.3
63 506 211 0 1.65
64 507 111 0 0.8
65 508 111 0 1.28
66 512 111 0 1.04
67 514 211 0 1.53
68 516 111 0 1.19
69 517 111 0 1.15
70 519 111 0 1.38
71 521 111 0 1.24
72 530 111 0 1.4
73 531 111 0 1.52
74 532 111 0 1.03
75 534 111 0 1.32
76 536 111 0 1.04
77 540 211 0 0.73
78 541 211 0 1.31
79 545 121 0 1.44
80 546 121 0 1.39
81 547 121 0 1.5
82 550 221 0 1.83
83 554 221 0 1.7
84 555 221 0 1.16
85 558 122 0 1.18
86 560 222 0 0.9
87 563 222 0 1.11
88 564 221 0 0.8
89 565 222 0 0.83
90 567 121 0 1.18
91 569 121 0 0.9
92 573 221 0 1.2
93 574 221 0 1.38
94 578 121 0 1.35
95 579 121 0 1.57
96 581 122 0 1.29
97 582 121 0 1.68
98 583 221 0 1.54
99 584 222 0 1.58
100 585 222 0 1.36
101 586 222 0 1.46
102 587 222 0 1.56
103 588 222 0 1.45
104 589 121 0 1.29
105 590 121 0 1.23
106 591 122 0 0.98
107 599 122 0 1.11
108 601 122 0 1.3
109 604 122 0 1.16
110 605 122 0 1.27
111 626 122 0 1.13
112 629 122 0 0.98
113 630 222 0 1.32
114 631 221 0 0.97
115 634 221 0 0.97
116 635 221 0 0.93
117 637 121 0 1.29
118 638 121 0 1.25
119 639 121 0 0.93
120 640 221 0 1.16
121 641 221 0 1.21
122 643 121 0 0.86
123 644 221 0 1.04
124 645 221 0 0.78
125 648 121 0 1.43
126 649 121 0 1.05
127 650 121 0 1.31
128 653 221 0 1.24
129 654 221 0 1.05
130 659 121 0 1.3
131 660 121 0 1.28
132 662 221 0 1.62
133 670 222 0 0.89
134 673 222 0 0.92
135 674 221 0 0.7
136 677 121 0 1.13
137 678 121 0 1.25
138 679 121 0 1.37
139 680 221 0 1.4
140 681 222 0 1.35
141 683 121 0 0.83
142 684 121 0 0.91
143 685 121 0 0.83
144 688 121 0 0.74
145 691 221 0 0.8
146 692 221 0 0.92
147 695 121 0 0.97
148 696 121 0 1.18
149 697 121 0 0.87
150 698 121 0 1.2
151 699 121 0 1.39
152 700 121 0 1.32
153 702 221 0 1.11
154 703 221 0 1.47
155 704 221 0 1.09
156 705 221 0 0.95
157 710 121 0 1.07
158 711 121 0 1.05
159 712 121 0 1.44
160 713 221 0 1.37
161 714 221 0 1.35
162 715 221 0 0.7
163 718 121 0 1.14
164 720 121 0 0.92
165 721 121 0 1.44
166 722 221 0 1.27
167 723 221 0 1.41
168 725 221 0 1.08
169 742 121 0 1.07
170 743 121 0 0.81
171 745 221 0 0.82
172 746 221 0 0.92
173 747 221 0 0.84
174 748 221 0 0.95
175 749 121 0 0.72
176 750 221 0 0.8
177 751 222 0 0.69
178 752 221 0 0.93
179 753 121 0 0.76
180 754 221 0 0.53
181 755 221 0 0.55
182 757 132 0 0.98
183 759 132 0 0.68
184 760 231 0 1.04
185 762 231 0 1.01
186 765 232 0 0.93
187 767 131 0 1.12
188 768 231 0 1.09
189 769 231 0 1.09
190 777 131 0 1.27
191 778 131 0 1.4
192 780 231 0 1.62
193 781 232 0 0.94
194 785 131 0 1.07
195 792 232 0 0.88
196 794 232 0 0.94
197 795 232 0 0.98
198 797 131 0 0.84
199 798 231 0 1.28
200 799 231 0 1.05
201 800 231 0 1.08
202 801 231 0 0.9
203 807 132 0 1.16
204 810 131 0 1.11
205 811 132 0 0.79
206 813 231 0 1.37
207 817 131 0 1.09
208 819 131 0 0.81
209 820 131 0 1.26
210 822 131 0 0.85
211 824 231 0 1.09
212 827 131 0 0.94
213 829 131 0 1.16
214 830 131 0 0.88
215 831 231 0 1.04
216 834 231 0 0.85
217 836 231 0 0.85
218 839 131 0 1.22
219 840 131 0 0.98
220 851 131 0 1.36
221 856 231 0 1.37
222 858 131 0 1.31
223 860 131 0 1.99
224 862 231 0 1.93
225 864 231 0 1.69
226 865 131 0 1.08
227 866 131 0 1.05
228 867 231 0 0.95
229 868 231 0 0.98
230 869 231 0 1.26
231 870 231 0 0.9
232 875 131 0 0.73
233 876 231 0 0.96
234 878 231 0 0.86
235 883 231 0 0.68
236 884 231 0 0.78
237 887 242 0 1.65
238 888 241 0 1.45
239 889 242 0 1.28
240 890 242 0 1.3
241 891 242 0 1.06
242 892 141 0 1.46
243 893 141 0 1.72
244 896 141 0 1.06
245 897 141 0 1.1
246 898 141 0 1.4
247 900 241 0 1.43
248 901 241 0 1.22
249 902 241 0 1.46
250 903 141 0 1.39
251 904 141 0 1.18
252 905 141 0 1.2
253 906 141 0 0.99
254 908 241 0 1.47
255 910 241 0 1.7
256 911 241 0 1.23
257 912 141 0 1.17
258 913 141 0 1.2
259 914 141 0 1.2
260 915 241 0 1.2
261 922 241 0 1.2
262 925 141 0 1.2
263 926 141 0 1.2
264 927 141 0 1.2
265 929 141 0 1.2
266 930 241 0 1.2
267 931 241 0 1.2
268 932 241 0 1.2
269 933 241 0 1.2
270 934 141 0 1.57
271 936 141 0 1.2
272 937 141 0 1.22
273 938 141 0 1.11
274 939 141 0 1.92
275 940 241 0 1.78
276 941 241 0 1.39
277 943 241 0 1.57
278 944 141 0 1.28
279 945 241 0 1.72
280 946 241 0 1.49
281 948 241 0 1.58
282 949 241 0 1.35
283 950 241 0 1.4
284 951 241 0 0.81
285 952 141 0 1.48
286 953 141 0 1.28
287 955 141 0 1.54
288 956 141 0 1.48
289 958 141 0 1.38
290 959 241 0 1.52
291 960 241 0 1.56
292 964 141 0 1.3
293 965 141 0 0.96
294 967 241 0 1.2
295 968 241 0 1.08
296 969 241 0 1.2
297 970 241 0 1.05
298 971 241 0 1.19
299 972 241 0 1.09
300 975 141 0 1.18
301 976 141 0 1.46
302 977 141 0 1.28
303 978 141 0 0.98
304 979 141 0 0.87
305 980 141 0 0.91
306 981 141 0 1.1
307 982 141 0 1.41
308 983 141 0 1.49
309 986 141 0 1.61
310 987 141 0 1.35
311 989 241 0 1.39
312 992 141 0 1.79
313 998 141 0 1.23
314 999 141 0 0.96
315 1000 241 0 1.26
316 1001 241 0 1.3
317 1003 241 0 1.17
318 1004 241 0 1.08
319 1006 241 0 1.32
320 1008 141 0 1.56
321 1010 141 0 1.88
322 1011 141 0 1.23
323 1012 241 0 1.46
324 1013 241 0 1.32
325 1014 241 0 1.42
326 1016 241 0 1.32
327 1017 241 0 1.63
328 1022 141 0 2.13
329 1023 241 0 1.99
330 1034 251 0 1.08
331 1112 151 0 1.31
332 1122 251 0 1.34
333 1125 251 0 0.9
334 1128 151 0 1.49
335 1135 152 0 1.2
336 1136 151 0 1.29
337 1141 252 0 1.59
338 1169 151 0 1.09
339 1170 151 0 1.41
340 1187 251 0 1.51
341 1194 151 0 0.94
342 1195 151 0 1.16
343 1214 252 0 1.41
344 1215 252 0 1.45
345 1226 152 0 1.22
346 401 111 21 6.86
347 403 111 21 5.75
348 404 211 21 6.92
349 406 211 21 4.94
350 407 212 21 4.91
351 409 112 21 4.66
352 411 112 21 4.57
353 412 112 21 4.41
354 413 211 21 4.44
355 414 211 21 4.3
356 415 211 21 3.96
357 416 212 21 4.36
358 418 211 21 4.13
359 421 111 21 5.23
360 423 111 21 5.22
361 424 212 21 6.51
362 426 211 21 5.2
363 428 211 21 4.96
364 429 111 21 6.58
365 432 211 21 6.67
366 433 111 21 5.83
367 434 211 21 4.05
368 435 211 21 4.47
369 440 111 21 5.08
370 441 211 21 6.28
371 442 211 21 5.23
372 446 211 21 6.8
373 448 111 21 4.66
374 449 112 21 6
375 450 111 21 3.76
376 452 211 21 4.73
377 453 212 21 4.14
378 456 212 21 4.57
379 457 212 21 3.07
380 459 111 21 6.23
381 460 111 21 6.87
382 461 212 21 6.51
383 462 211 21 5.26
384 463 111 21 5.72
385 466 111 21 5.03
386 469 111 21 5.52
387 472 211 21 4.36
388 473 211 21 4.94
389 474 111 21 4.16
390 477 211 21 3.58
391 478 211 21 4.84
392 479 211 21 5.76
393 481 111 21 6.96
394 482 111 21 5.96
395 486 211 21 4.1
396 488 211 21 6.39
397 489 212 21 3.15
398 490 212 21 5.85
399 494 112 21 3.39
400 497 211 21 5.82
401 498 211 21 4.41
402 499 111 21 5.1
403 500 111 21 5.12
404 502 111 21 4.91
405 503 111 21 5.2
406 504 211 21 3.56
407 505 211 21 4.6
408 506 211 21 4.49
409 507 111 21 2.87
410 508 111 21 5.07
411 512 111 21 3.49
412 514 211 21 5.62
413 516 111 21 4.31
414 517 111 21 4.09
415 519 111 21 3.85
416 521 111 21 4.9
417 530 111 21 5.2
418 531 111 21 5.18
419 532 111 21 3.49
420 534 111 21 3.87
421 536 111 21 3.68
422 540 211 21 2.91
423 541 211 21 4.87
424 545 121 21 5.75
425 546 121 21 4.57
426 547 121 21 6.17
427 550 221 21 7.88
428 554 221 21 5.67
429 555 221 21 3.4
430 558 122 21 4.24
431 560 222 21 3.69
432 563 222 21 4.81
433 564 221 21 4.95
434 565 222 21 3.65
435 567 121 21 4.37
436 569 121 21 3.86
437 573 221 21 4.82
438 574 221 21 5.32
439 578 121 21 5.86
440 579 121 21 5.37
441 581 122 21 4.43
442 582 121 21 5.79
443 583 221 21 5.91
444 584 222 21 6.06
445 585 222 21 6.04
446 586 222 21 5.89
447 587 222 21 5.98
448 588 222 21 5.33
449 589 121 21 5.8
450 590 121 21 4.32
451 591 122 21 4.27
452 599 122 21 2.93
453 601 122 21 3.94
454 604 122 21 3.93
455 605 122 21 4.22
456 626 122 21 4.6
457 629 122 21 4.9
458 630 222 21 5.28
459 631 221 21 5
460 634 221 21 4.14
461 635 221 21 4.11
462 637 121 21 4.08
463 638 121 21 5.75
464 639 121 21 4.28
465 640 221 21 5.29
466 641 221 21 5.14
467 643 121 21 3.89
468 644 221 21 4.85
469 645 221 21 4.15
470 648 121 21 5.55
471 649 121 21 6.01
472 650 121 21 5.84
473 653 221 21 5.42
474 654 221 21 5.74
475 659 121 21 5.51
476 660 121 21 4.75
477 662 221 21 3.15
478 670 222 21 4.05
479 673 222 21 3.85
480 674 221 21 3.35
481 677 121 21 4.7
482 678 121 21 4.22
483 679 121 21 4.85
484 680 221 21 5.53
485 681 222 21 4.39
486 683 121 21 3.95
487 684 121 21 4.32
488 685 121 21 4.17
489 688 121 21 4.11
490 691 221 21 3.03
491 692 221 21 4.51
492 695 121 21 3.97
493 696 121 21 4.54
494 697 121 21 3.27
495 698 121 21 5
496 699 121 21 5.72
497 700 121 21 5.62
498 702 221 21 3.81
499 703 221 21 6.01
500 704 221 21 4.12
501 705 221 21 4.29
502 710 121 21 3.81
503 711 121 21 5.63
504 712 121 21 5.66
505 713 221 21 5.04
506 714 221 21 5.62
507 715 221 21 3.25
508 718 121 21 4.2
509 720 121 21 3.59
510 721 121 21 5.38
511 722 221 21 3.28
512 723 221 21 4.45
513 725 221 21 4.65
514 742 121 21 3.77
515 743 121 21 3.04
516 745 221 21 3.83
517 746 221 21 3.81
518 747 221 21 3.44
519 748 221 21 3.77
520 749 121 21 4.38
521 750 221 21 5.3
522 751 222 21 4.49
523 752 221 21 5.93
524 753 121 21 4.74
525 754 221 21 3.36
526 755 221 21 3.24
527 757 132 21 4.15
528 759 132 21 3.65
529 760 231 21 3.57
530 762 231 21 3.55
531 765 232 21 5.26
532 767 131 21 4.67
533 768 231 21 5.23
534 769 231 21 4.95
535 777 131 21 6.37
536 778 131 21 6.09
537 780 231 21 7.08
538 781 232 21 6.2
539 785 131 21 4.61
540 792 232 21 5.59
541 794 232 21 5.22
542 795 232 21 4.67
543 797 131 21 4.04
544 798 231 21 6.97
545 799 231 21 4.81
546 800 231 21 3.08
547 801 231 21 4.57
548 807 132 21 5.66
549 810 131 21 4.15
550 811 132 21 4.5
551 813 231 21 6.62
552 817 131 21 4.35
553 819 131 21 4.41
554 820 131 21 5.31
555 822 131 21 3.67
556 824 231 21 4.87
557 827 131 21 3.97
558 829 131 21 4.49
559 830 131 21 4.26
560 831 231 21 4.82
561 834 231 21 4.24
562 836 231 21 3.25
563 839 131 21 4.85
564 840 131 21 4.44
565 851 131 21 4.69
566 856 231 21 4.81
567 858 131 21 7.07
568 860 131 21 4.9
569 862 231 21 8
570 864 231 21 6.65
571 865 131 21 5.18
572 866 131 21 4.5
573 867 231 21 4.49
574 868 231 21 4.2
575 869 231 21 5.11
576 870 231 21 2.64
577 875 131 21 5.22
578 876 231 21 5.94
579 878 231 21 4.36
580 883 231 21 4.64
581 884 231 21 4.29
582 887 242 21 5.25
583 888 241 21 4.85
584 889 242 21 6.61
585 890 242 21 5.01
586 891 242 21 6.06
587 892 141 21 4.7
588 893 141 21 5.48
589 896 141 21 4.42
590 897 141 21 4.51
591 898 141 21 3.53
592 900 241 21 4.7
593 901 241 21 5.48
594 902 241 21 4.43
595 903 141 21 6.15
596 904 141 21 5.35
597 905 141 21 5.87
598 906 141 21 5.24
599 908 241 21 7.39
600 910 241 21 2.91
601 911 241 21 5.43
602 912 141 21 6.71
603 913 141 21 4.98
604 914 141 21 5.69
605 915 241 21 5.82
606 922 241 21 5.11
607 925 141 21 4.8
608 926 141 21 3.2
609 927 141 21 5.52
610 929 141 21 5.04
611 930 241 21 4.32
612 931 241 21 5.04
613 932 241 21 5.1
614 933 241 21 2.56
615 934 141 21 5.19
616 936 141 21 4.12
617 937 141 21 3.82
618 938 141 21 2.85
619 939 141 21 4.29
620 940 241 21 4.73
621 941 241 21 4.46
622 943 241 21 5.34
623 944 141 21 5.33
624 945 241 21 5.97
625 946 241 21 4.43
626 948 241 21 5.77
627 949 241 21 4.55
628 950 241 21 5.45
629 951 241 21 3.73
630 952 141 21 4.86
631 953 141 21 5.22
632 955 141 21 6.83
633 956 141 21 5.28
634 958 141 21 5.61
635 959 241 21 6.47
636 960 241 21 6.15
637 964 141 21 6.15
638 965 141 21 4.43
639 967 241 21 5.22
640 968 241 21 4.82
641 969 241 21 2.65
642 970 241 21 5.71
643 971 241 21 5.27
644 972 241 21 3.98
645 975 141 21 4.9
646 976 141 21 4.9
647 977 141 21 4.9
648 978 141 21 4.9
649 979 141 21 4.9
650 980 141 21 4.9
651 981 141 21 4.9
652 982 141 21 4.9
653 983 141 21 4.9
654 986 141 21 3.94
655 987 141 21 4.04
656 989 241 21 4.82
657 992 141 21 6.05
658 998 141 21 4.82
659 999 141 21 3.66
660 1000 241 21 5.21
661 1001 241 21 5.22
662 1003 241 21 5.01
663 1004 241 21 5.22
664 1006 241 21 5.67
665 1008 141 21 4.68
666 1010 141 21 7.1
667 1011 141 21 3.7
668 1012 241 21 7.02
669 1013 241 21 4.13
670 1014 241 21 6.23
671 1016 241 21 6
672 1017 241 21 7.1
673 1022 141 21 6.79
674 1023 241 21 6.52
675 1034 251 21 5.08
676 1112 151 21 4.77
677 1122 251 21 4.9
678 1125 251 21 4.9
679 1128 151 21 6.7
680 1135 152 21 5
681 1136 151 21 4.38
682 1141 252 21 3.58
683 1169 151 21 5.01
684 1170 151 21 4.79
685 1187 251 21 5.11
686 1194 151 21 4.82
687 1195 151 21 4.82
688 1214 252 21 6.65
689 1215 252 21 6.67
690 1226 152 21 6.55
691 401 111 42 9.91
692 403 111 42 8.86
693 404 211 42 12.2
694 406 211 42 8.15
695 407 212 42 7.83
696 409 112 42 7.91
697 411 112 42 7.06
698 412 112 42 6.75
699 413 211 42 8.6
700 414 211 42 7.05
701 415 211 42 6.69
702 416 212 42 7.84
703 418 211 42 7.17
704 421 111 42 7.36
705 423 111 42 8.84
706 424 212 42 10.98
707 426 211 42 9.66
708 428 211 42 9.37
709 429 111 42 12.41
710 432 211 42 11.82
711 433 111 42 10.02
712 434 211 42 8.82
713 435 211 42 6.97
714 440 111 42 8.36
715 441 211 42 12.04
716 442 211 42 9.58
717 446 211 42 11.33
718 448 111 42 7.27
719 449 112 42 9.55
720 450 111 42 6.42
721 452 211 42 9.62
722 453 212 42 7.62
723 456 212 42 7.96
724 457 212 42 5.96
725 459 111 42 10.73
726 460 111 42 12.64
727 461 212 42 11.9
728 462 211 42 9.25
729 463 111 42 12.05
730 466 111 42 12.59
731 469 111 42 10.75
732 472 211 42 9.18
733 473 211 42 8.68
734 474 111 42 7.78
735 477 211 42 5.36
736 478 211 42 9.27
737 479 211 42 10.26
738 481 111 42 10.26
739 482 111 42 10.31
740 486 211 42 7.83
741 488 211 42 11.34
742 489 212 42 5.97
743 490 212 42 9.53
744 494 112 42 6.24
745 497 211 42 9.36
746 498 211 42 7.46
747 499 111 42 7.79
748 500 111 42 8.38
749 502 111 42 8.36
750 503 111 42 9.44
751 504 211 42 6.11
752 505 211 42 7.45
753 506 211 42 8.27
754 507 111 42 4.69
755 508 111 42 7.68
756 512 111 42 5.02
757 514 211 42 8.84
758 516 111 42 8.36
759 517 111 42 8.64
760 519 111 42 6.62
761 521 111 42 8.36
762 530 111 42 8.9
763 531 111 42 8.34
764 532 111 42 5.72
765 534 111 42 5.01
766 536 111 42 5.13
767 540 211 42 5.04
768 541 211 42 8.8
769 545 121 42 7.71
770 546 121 42 6.4
771 547 121 42 9.1
772 550 221 42 12.69
773 554 221 42 10.3
774 555 221 42 7.13
775 558 122 42 7.55
776 560 222 42 6.24
777 563 222 42 8.31
778 564 221 42 7.23
779 565 222 42 6.34
780 567 121 42 6.33
781 569 121 42 8.36
782 573 221 42 7.79
783 574 221 42 7.67
784 578 121 42 11.57
785 579 121 42 9.51
786 581 122 42 7.86
787 582 121 42 10.91
788 583 221 42 11.51
789 584 222 42 11.86
790 585 222 42 11.58
791 586 222 42 10.6
792 587 222 42 11.28
793 588 222 42 9.8
794 589 121 42 10.02
795 590 121 42 6.42
796 591 122 42 7.62
797 599 122 42 8.36
798 601 122 42 6.54
799 604 122 42 6.17
800 605 122 42 7.15
801 626 122 42 8.07
802 629 122 42 8.36
803 630 222 42 10.04
804 631 221 42 8.55
805 634 221 42 7.22
806 635 221 42 7.37
807 637 121 42 9.78
808 638 121 42 9.63
809 639 121 42 8.21
810 640 221 42 8.61
811 641 221 42 8.94
812 643 121 42 8.03
813 644 221 42 7.82
814 645 221 42 8.1
815 648 121 42 8.68
816 649 121 42 8.34
817 650 121 42 8.95
818 653 221 42 9.16
819 654 221 42 9.22
820 659 121 42 9.67
821 660 121 42 6.2
822 662 221 42 4.8
823 670 222 42 7.45
824 673 222 42 7.3
825 674 221 42 5.75
826 677 121 42 8.08
827 678 121 42 7.41
828 679 121 42 7.29
829 680 221 42 7.48
830 681 222 42 6.24
831 683 121 42 5.95
832 684 121 42 7.09
833 685 121 42 7.69
834 688 121 42 6.17
835 691 221 42 6.46
836 692 221 42 7.46
837 695 121 42 7.24
838 696 121 42 7.88
839 697 121 42 5.42
840 698 121 42 6.1
841 699 121 42 9.22
842 700 121 42 10.29
843 702 221 42 7.24
844 703 221 42 10.78
845 704 221 42 8.1
846 705 221 42 7.02
847 710 121 42 7.7
848 711 121 42 6.93
849 712 121 42 10.12
850 713 221 42 8.5
851 714 221 42 9.38
852 715 221 42 5.28
853 718 121 42 7.25
854 720 121 42 4.64
855 721 121 42 8.99
856 722 221 42 6.71
857 723 221 42 9.15
858 725 221 42 8.23
859 742 121 42 6.46
860 743 121 42 2.66
861 745 221 42 7.22
862 746 221 42 5.5
863 747 221 42 7.11
864 748 221 42 6.66
865 749 121 42 6.41
866 750 221 42 7.23
867 751 222 42 8.06
868 752 221 42 9.52
869 753 121 42 8.11
870 754 221 42 4.87
871 755 221 42 5.4
872 757 132 42 7.09
873 759 132 42 6.03
874 760 231 42 6.06
875 762 231 42 8.25
876 765 232 42 7.99
877 767 131 42 5.94
878 768 231 42 6.66
879 769 231 42 6.35
880 777 131 42 10.2
881 778 131 42 9.97
882 780 231 42 10.67
883 781 232 42 9.17
884 785 131 42 8.34
885 792 232 42 10.11
886 794 232 42 9.6
887 795 232 42 9.47
888 797 131 42 6.36
889 798 231 42 9.66
890 799 231 42 8.35
891 800 231 42 5.78
892 801 231 42 7.03
893 807 132 42 9.27
894 810 131 42 8.57
895 811 132 42 7.35
896 813 231 42 12.35
897 817 131 42 6.94
898 819 131 42 5.72
899 820 131 42 6.28
900 822 131 42 5.14
901 824 231 42 7.14
902 827 131 42 6.89
903 829 131 42 8.19
904 830 131 42 7.64
905 831 231 42 5.44
906 834 231 42 7.85
907 836 231 42 6.16
908 839 131 42 7.83
909 840 131 42 6.08
910 851 131 42 8.65
911 856 231 42 9.61
912 858 131 42 8.36
913 860 131 42 8.36
914 862 231 42 8.36
915 864 231 42 8.36
916 865 131 42 11.77
917 866 131 42 10
918 867 231 42 7.22
919 868 231 42 6.98
920 869 231 42 10.74
921 870 231 42 5.66
922 875 131 42 9.35
923 876 231 42 8.89
924 878 231 42 8.87
925 883 231 42 8.36
926 884 231 42 8.36
927 887 242 42 7.7
928 888 241 42 5.52
929 889 242 42 11.12
930 890 242 42 4.88
931 891 242 42 10.89
932 892 141 42 8.85
933 893 141 42 11.15
934 896 141 42 7.37
935 897 141 42 6.4
936 898 141 42 8.5
937 900 241 42 8.9
938 901 241 42 9.6
939 902 241 42 8.38
940 903 141 42 10.23
941 904 141 42 9.86
942 905 141 42 8.64
943 906 141 42 8.8
944 908 241 42 12.7
945 910 241 42 5.74
946 911 241 42 9.94
947 912 141 42 10.37
948 913 141 42 8.64
949 914 141 42 9.62
950 915 241 42 11.79
951 922 241 42 9.22
952 925 141 42 10.24
953 926 141 42 5.8
954 927 141 42 10.3
955 929 141 42 9.15
956 930 241 42 8.72
957 931 241 42 9.61
958 932 241 42 10.31
959 933 241 42 3.39
960 934 141 42 10.68
961 936 141 42 9.58
962 937 141 42 7.67
963 938 141 42 6.95
964 939 141 42 7.97
965 940 241 42 10.92
966 941 241 42 8.56
967 943 241 42 10.7
968 944 141 42 8.44
969 945 241 42 10
970 946 241 42 9.6
971 948 241 42 9.69
972 949 241 42 8.1
973 950 241 42 8.6
974 951 241 42 6.34
975 952 141 42 8.71
976 953 141 42 11.28
977 955 141 42 9.96
978 956 141 42 9.27
979 958 141 42 10.34
980 959 241 42 11.25
981 960 241 42 7.88
982 964 141 42 8.87
983 965 141 42 5.28
984 967 241 42 8
985 968 241 42 9.9
986 969 241 42 8.37
987 970 241 42 8.63
988 971 241 42 8.13
989 972 241 42 7.35
990 975 141 42 9.92
991 976 141 42 8.82
992 977 141 42 10.49
993 978 141 42 8.29
994 979 141 42 7.6
995 980 141 42 9.41
996 981 141 42 8.43
997 982 141 42 9
998 983 141 42 9.68
999 986 141 42 5.44
1000 987 141 42 8.36
1001 989 241 42 6.8
1002 992 141 42 8.36
1003 998 141 42 6.49
1004 999 141 42 6.48
1005 1000 241 42 6.28
1006 1001 241 42 7.19
1007 1003 241 42 8.01
1008 1004 241 42 7.22
1009 1006 241 42 8.49
1010 1008 141 42 9.07
1011 1010 141 42 10.7
1012 1011 141 42 7.4
1013 1012 241 42 12.9
1014 1013 241 42 8.36
1015 1014 241 42 9.5
1016 1016 241 42 10.57
1017 1017 241 42 12.51
1018 1022 141 42 10.86
1019 1023 241 42 10.92
1020 1034 251 42 7.73
1021 1112 151 42 6.96
1022 1122 251 42 8.56
1023 1125 251 42 7.6
1024 1128 151 42 10.66
1025 1135 152 42 10.03
1026 1136 151 42 8.31
1027 1141 252 42 6.8
1028 1169 151 42 6.77
1029 1170 151 42 6.71
1030 1187 251 42 8.51
1031 1194 151 42 8.18
1032 1195 151 42 8.4
1033 1214 252 42 9.45
1034 1215 252 42 9.97
1035 1226 152 42 9.23
1036 401 111 63 17.03
1037 403 111 63 20.6
1038 404 211 63 16.7
1039 406 211 63 14.14
1040 407 212 63 12.6
1041 409 112 63 15.4
1042 411 112 63 14.53
1043 412 112 63 14.25
1044 413 211 63 15.39
1045 414 211 63 14.65
1046 415 211 63 10.53
1047 416 212 63 15.2
1048 418 211 63 11.86
1049 421 111 63 14.15
1050 423 111 63 16.53
1051 424 212 63 18.22
1052 426 211 63 15.5
1053 428 211 63 17.04
1054 429 111 63 21.37
1055 432 211 63 22.02
1056 433 111 63 19.6
1057 434 211 63 16.15
1058 435 211 63 13.69
1059 440 111 63 14.07
1060 441 211 63 22.04
1061 442 211 63 16.39
1062 446 211 63 20.89
1063 448 111 63 15.34
1064 449 112 63 18.67
1065 450 111 63 12.8
1066 452 211 63 16.65
1067 453 212 63 15.48
1068 456 212 63 13.74
1069 457 212 63 10.15
1070 459 111 63 21.26
1071 460 111 63 23.99
1072 461 212 63 21.96
1073 462 211 63 17.76
1074 463 111 63 20.48
1075 466 111 63 16.9
1076 469 111 63 18.46
1077 472 211 63 14.06
1078 473 211 63 14.33
1079 474 111 63 15.4
1080 477 211 63 21.04
1081 478 211 63 19.91
1082 479 211 63 20.86
1083 481 111 63 17.24
1084 482 111 63 22.63
1085 486 211 63 15.57
1086 488 211 63 16.29
1087 489 212 63 16.29
1088 490 212 63 17.59
1089 494 112 63 14.4
1090 497 211 63 20.51
1091 498 211 63 16.29
1092 499 111 63 16.85
1093 500 111 63 17.36
1094 502 111 63 17.84
1095 503 111 63 17.95
1096 504 211 63 11.39
1097 505 211 63 14.38
1098 506 211 63 17.1
1099 507 111 63 10.41
1100 508 111 63 16.06
1101 512 111 63 13.81
1102 514 211 63 19.43
1103 516 111 63 16.95
1104 517 111 63 18.92
1105 519 111 63 14.94
1106 521 111 63 16.29
1107 530 111 63 20.52
1108 531 111 63 17.95
1109 532 111 63 12.9
1110 534 111 63 10.68
1111 536 111 63 10.89
1112 540 211 63 11.33
1113 541 211 63 15.06
1114 545 121 63 15.65
1115 546 121 63 11.33
1116 547 121 63 17.8
1117 550 221 63 22.19
1118 554 221 63 22.38
1119 555 221 63 13.94
1120 558 122 63 14.24
1121 560 222 63 13.27
1122 563 222 63 14.78
1123 564 221 63 15.68
1124 565 222 63 13.47
1125 567 121 63 12.97
1126 569 121 63 12.86
1127 573 221 63 14.55
1128 574 221 63 15.96
1129 578 121 63 22.62
1130 579 121 63 14.58
1131 581 122 63 17.03
1132 582 121 63 20.15
1133 583 221 63 21.01
1134 584 222 63 23.5
1135 585 222 63 21.23
1136 586 222 63 18.37
1137 587 222 63 21.11
1138 588 222 63 14.4
1139 589 121 63 14.82
1140 590 121 63 13.05
1141 591 122 63 13.75
1142 599 122 63 10.76
1143 601 122 63 11.78
1144 604 122 63 11.89
1145 605 122 63 12.58
1146 626 122 63 15.61
1147 629 122 63 16.29
1148 630 222 63 15.21
1149 631 221 63 15.14
1150 634 221 63 13.79
1151 635 221 63 14.22
1152 637 121 63 15.92
1153 638 121 63 16.5
1154 639 121 63 14.61
1155 640 221 63 16.8
1156 641 221 63 15.08
1157 643 121 63 14.42
1158 644 221 63 14.46
1159 645 221 63 12.8
1160 648 121 63 15.22
1161 649 121 63 16.09
1162 650 121 63 16.32
1163 653 221 63 15.92
1164 654 221 63 17.68
1165 659 121 63 14.47
1166 660 121 63 14.93
1167 662 221 63 16.29
1168 670 222 63 13.84
1169 673 222 63 13.63
1170 674 221 63 12.12
1171 677 121 63 14.57
1172 678 121 63 14.4
1173 679 121 63 14.3
1174 680 221 63 14.75
1175 681 222 63 12.8
1176 683 121 63 10.5
1177 684 121 63 12.52
1178 685 121 63 14.95
1179 688 121 63 13.38
1180 691 221 63 13.5
1181 692 221 63 11.66
1182 695 121 63 14.34
1183 696 121 63 14.75
1184 697 121 63 12.81
1185 698 121 63 12.73
1186 699 121 63 18.36
1187 700 121 63 18.9
1188 702 221 63 14.35
1189 703 221 63 17.44
1190 704 221 63 14.32
1191 705 221 63 13.6
1192 710 121 63 13.32
1193 711 121 63 12.9
1194 712 121 63 19.85
1195 713 221 63 13.48
1196 714 221 63 16.34
1197 715 221 63 10.8
1198 718 121 63 12.71
1199 720 121 63 11.25
1200 721 121 63 16.36
1201 722 221 63 13.41
1202 723 221 63 15.54
1203 725 221 63 16.29
1204 742 121 63 13.41
1205 743 121 63 7.43
1206 745 221 63 14.74
1207 746 221 63 10.71
1208 747 221 63 14.53
1209 748 221 63 13.28
1210 749 121 63 11.9
1211 750 221 63 12.31
1212 751 222 63 12.7
1213 752 221 63 17.15
1214 753 121 63 14.65
1215 754 221 63 10.04
1216 755 221 63 10.97
1217 757 132 63 12.31
1218 759 132 63 14.53
1219 760 231 63 12.83
1220 762 231 63 13.16
1221 765 232 63 14.43
1222 767 131 63 15.58
1223 768 231 63 14.6
1224 769 231 63 13.18
1225 777 131 63 19.9
1226 778 131 63 19.87
1227 780 231 63 23.45
1228 781 232 63 20.18
1229 785 131 63 18.02
1230 792 232 63 17.72
1231 794 232 63 16.9
1232 795 232 63 20.3
1233 797 131 63 12.39
1234 798 231 63 19.55
1235 799 231 63 16.9
1236 800 231 63 12.27
1237 801 231 63 14.82
1238 807 132 63 17.41
1239 810 131 63 18.09
1240 811 132 63 15.04
1241 813 231 63 26.53
1242 817 131 63 16.48
1243 819 131 63 9.32
1244 820 131 63 15.3
1245 822 131 63 10.05
1246 824 231 63 16.69
1247 827 131 63 13.15
1248 829 131 63 17.24
1249 830 131 63 16.4
1250 831 231 63 14.36
1251 834 231 63 16.42
1252 836 231 63 11.31
1253 839 131 63 13.25
1254 840 131 63 10.47
1255 851 131 63 16.67
1256 856 231 63 18.5
1257 858 131 63 20.73
1258 860 131 63 16.22
1259 862 231 63 21.14
1260 864 231 63 19.15
1261 865 131 63 21.45
1262 866 131 63 19.74
1263 867 231 63 15.71
1264 868 231 63 13.44
1265 869 231 63 20.28
1266 870 231 63 9.96
1267 875 131 63 19.3
1268 876 231 63 17.88
1269 878 231 63 17.61
1270 883 231 63 15.43
1271 884 231 63 17.39
1272 887 242 63 13.74
1273 888 241 63 8.59
1274 889 242 63 19.04
1275 890 242 63 12.24
1276 891 242 63 17.09
1277 892 141 63 17.01
1278 893 141 63 15.09
1279 896 141 63 14.34
1280 897 141 63 14.1
1281 898 141 63 14.75
1282 900 241 63 18.92
1283 901 241 63 15.9
1284 902 241 63 16.55
1285 903 141 63 19.78
1286 904 141 63 17.46
1287 905 141 63 20.4
1288 906 141 63 19.83
1289 908 241 63 24.26
1290 910 241 63 10.97
1291 911 241 63 19.93
1292 912 141 63 20.18
1293 913 141 63 17.71
1294 914 141 63 21.44
1295 915 241 63 21.86
1296 922 241 63 20.61
1297 925 141 63 19.61
1298 926 141 63 13.16
1299 927 141 63 21.41
1300 929 141 63 17.96
1301 930 241 63 15.11
1302 931 241 63 11.68
1303 932 241 63 19.85
1304 933 241 63 8.22
1305 934 141 63 20.92
1306 936 141 63 15.56
1307 937 141 63 16.23
1308 938 141 63 15.36
1309 939 141 63 17.79
1310 940 241 63 21.24
1311 941 241 63 17.02
1312 943 241 63 18.79
1313 944 141 63 19.05
1314 945 241 63 22.08
1315 946 241 63 20.02
1316 948 241 63 19.1
1317 949 241 63 18.12
1318 950 241 63 18.54
1319 951 241 63 12.94
1320 952 141 63 20.09
1321 953 141 63 19.66
1322 955 141 63 21.67
1323 956 141 63 20.85
1324 958 141 63 20.95
1325 959 241 63 24.97
1326 960 241 63 15.82
1327 964 141 63 16.53
1328 965 141 63 10.19
1329 967 241 63 16.66
1330 968 241 63 18.63
1331 969 241 63 16.89
1332 970 241 63 17.83
1333 971 241 63 15.98
1334 972 241 63 17.93
1335 975 141 63 18.59
1336 976 141 63 19.51
1337 977 141 63 21.18
1338 978 141 63 16.82
1339 979 141 63 15.28
1340 980 141 63 18.72
1341 981 141 63 16.95
1342 982 141 63 19.6
1343 983 141 63 18.82
1344 986 141 63 11.5
1345 987 141 63 14.06
1346 989 241 63 14.02
1347 992 141 63 16.29
1348 998 141 63 13.69
1349 999 141 63 14.42
1350 1000 241 63 12.81
1351 1001 241 63 13.17
1352 1003 241 63 14.9
1353 1004 241 63 13.71
1354 1006 241 63 16.36
1355 1008 141 63 19.41
1356 1010 141 63 22.8
1357 1011 141 63 15.48
1358 1012 241 63 24.74
1359 1013 241 63 17.94
1360 1014 241 63 19.53
1361 1016 241 63 21.89
1362 1017 241 63 24.83
1363 1022 141 63 22.08
1364 1023 241 63 20.84
1365 1034 251 63 16.05
1366 1112 151 63 12.7
1367 1122 251 63 17.7
1368 1125 251 63 13.8
1369 1128 151 63 21.2
1370 1135 152 63 15.7
1371 1136 151 63 14.7
1372 1141 252 63 16.29
1373 1169 151 63 15.2
1374 1170 151 63 13.8
1375 1187 251 63 17.3
1376 1194 151 63 18.6
1377 1195 151 63 17.8
1378 1214 252 63 19.1
1379 1215 252 63 18.9
1380 1226 152 63 22
1381 401 111 77 21.42
1382 403 111 77 21.7
1383 404 211 77 24.85
1384 406 211 77 16.95
1385 407 212 77 15.47
1386 409 112 77 21.6
1387 411 112 77 17.86
1388 412 112 77 20.67
1389 413 211 77 18.38
1390 414 211 77 20.41
1391 415 211 77 11.96
1392 416 212 77 19.12
1393 418 211 77 15.14
1394 421 111 77 17.98
1395 423 111 77 21.6
1396 424 212 77 24.3
1397 426 211 77 19.57
1398 428 211 77 21.84
1399 429 111 77 27.02
1400 432 211 77 27.65
1401 433 111 77 26
1402 434 211 77 23.56
1403 435 211 77 18.08
1404 440 111 77 20.01
1405 441 211 77 26.67
1406 442 211 77 21.31
1407 446 211 77 25.8
1408 448 111 77 19.53
1409 449 112 77 16.08
1410 450 111 77 22.94
1411 452 211 77 22.04
1412 453 212 77 22.7
1413 456 212 77 17.98
1414 457 212 77 12.62
1415 459 111 77 24.43
1416 460 111 77 28.8
1417 461 212 77 26.06
1418 462 211 77 22.29
1419 463 111 77 26.22
1420 466 111 77 20.3
1421 469 111 77 23.06
1422 472 211 77 18.56
1423 473 211 77 18.42
1424 474 111 77 18.41
1425 477 211 77 15.98
1426 478 211 77 24.33
1427 479 211 77 24.95
1428 481 111 77 21.26
1429 482 111 77 27.46
1430 486 211 77 17.98
1431 488 211 77 26.53
1432 489 212 77 17.13
1433 490 212 77 20.46
1434 494 112 77 19
1435 497 211 77 26.12
1436 498 211 77 21.55
1437 499 111 77 21.17
1438 500 111 77 22.02
1439 502 111 77 22.94
1440 503 111 77 23.6
1441 504 211 77 14.3
1442 505 211 77 16.31
1443 506 211 77 22.11
1444 507 111 77 12.75
1445 508 111 77 21.36
1446 512 111 77 16.85
1447 514 211 77 25.15
1448 516 111 77 22.97
1449 517 111 77 25.75
1450 519 111 77 20.37
1451 521 111 77 19
1452 530 111 77 20.9
1453 531 111 77 25.45
1454 532 111 77 17.34
1455 534 111 77 14.81
1456 536 111 77 15.01
1457 540 211 77 15.59
1458 541 211 77 17.05
1459 545 121 77 21.45
1460 546 121 77 12.67
1461 547 121 77 23.33
1462 550 221 77 28.8
1463 554 221 77 30.35
1464 555 221 77 18.55
1465 558 122 77 20.72
1466 560 222 77 17.3
1467 563 222 77 19.2
1468 564 221 77 19.7
1469 565 222 77 17.86
1470 567 121 77 16.42
1471 569 121 77 18.63
1472 573 221 77 18.2
1473 574 221 77 21.18
1474 578 121 77 28.06
1475 579 121 77 20.47
1476 581 122 77 22.52
1477 582 121 77 26.71
1478 583 221 77 26.52
1479 584 222 77 28.76
1480 585 222 77 27.3
1481 586 222 77 24.89
1482 587 222 77 27.03
1483 588 222 77 23.15
1484 589 121 77 21.02
1485 590 121 77 18.29
1486 591 122 77 18.14
1487 599 122 77 16.67
1488 601 122 77 16.02
1489 604 122 77 12.94
1490 605 122 77 22.01
1491 626 122 77 20.42
1492 629 122 77 24.62
1493 630 222 77 23.1
1494 631 221 77 18.85
1495 634 221 77 18.99
1496 635 221 77 20.77
1497 637 121 77 19.72
1498 638 121 77 21.89
1499 639 121 77 18.66
1500 640 221 77 22.59
1501 641 221 77 20.84
1502 643 121 77 18.57
1503 644 221 77 18.84
1504 645 221 77 17.43
1505 648 121 77 20.76
1506 649 121 77 23.13
1507 650 121 77 22.76
1508 653 221 77 21.18
1509 654 221 77 23.8
1510 659 121 77 18.62
1511 660 121 77 21.7
1512 662 221 77 13.69
1513 670 222 77 20.3
1514 673 222 77 19.02
1515 674 221 77 17.02
1516 677 121 77 18.95
1517 678 121 77 20.89
1518 679 121 77 22.28
1519 680 221 77 20.45
1520 681 222 77 18.82
1521 683 121 77 12.53
1522 684 121 77 18.91
1523 685 121 77 21.12
1524 688 121 77 19.15
1525 691 221 77 18.16
1526 692 221 77 12.63
1527 695 121 77 19.45
1528 696 121 77 19.25
1529 697 121 77 17.68
1530 698 121 77 18.12
1531 699 121 77 25.9
1532 700 121 77 25.3
1533 702 221 77 19.87
1534 703 221 77 24.28
1535 704 221 77 19.65
1536 705 221 77 19.28
1537 710 121 77 19.03
1538 711 121 77 18.53
1539 712 121 77 25.25
1540 713 221 77 21.43
1541 714 221 77 22.79
1542 715 221 77 18.08
1543 718 121 77 19.49
1544 720 121 77 17.88
1545 721 121 77 23.1
1546 722 221 77 20.28
1547 723 221 77 22.87
1548 725 221 77 21.32
1549 742 121 77 19.43
1550 743 121 77 9.96
1551 745 221 77 19.03
1552 746 221 77 14.72
1553 747 221 77 19.32
1554 748 221 77 17.56
1555 749 121 77 17.98
1556 750 221 77 17.46
1557 751 222 77 19.92
1558 752 221 77 23.05
1559 753 121 77 21.23
1560 754 221 77 13.58
1561 755 221 77 14.62
1562 757 132 77 17.08
1563 759 132 77 19.76
1564 760 231 77 15.22
1565 762 231 77 17.5
1566 765 232 77 20.16
1567 767 131 77 20.88
1568 768 231 77 18.63
1569 769 231 77 18.08
1570 777 131 77 27.98
1571 778 131 77 25.21
1572 780 231 77 29.18
1573 781 232 77 24.23
1574 785 131 77 23.06
1575 792 232 77 21.98
1576 794 232 77 23.3
1577 795 232 77 24.67
1578 797 131 77 15.2
1579 798 231 77 23.82
1580 799 231 77 19.55
1581 800 231 77 16.9
1582 801 231 77 20.85
1583 807 132 77 21.59
1584 810 131 77 21.45
1585 811 132 77 20.96
1586 813 231 77 26.86
1587 817 131 77 21.15
1588 819 131 77 12.1
1589 820 131 77 18.9
1590 822 131 77 14.03
1591 824 231 77 22.06
1592 827 131 77 16.49
1593 829 131 77 21.07
1594 830 131 77 22.92
1595 831 231 77 16.98
1596 834 231 77 19.46
1597 836 231 77 9.3
1598 839 131 77 16.12
1599 840 131 77 14.77
1600 851 131 77 21.61
1601 856 231 77 24.02
1602 858 131 77 25.33
1603 860 131 77 18.31
1604 862 231 77 30.22
1605 864 231 77 29.26
1606 865 131 77 28.09
1607 866 131 77 24.49
1608 867 231 77 18.56
1609 868 231 77 16.61
1610 869 231 77 25.93
1611 870 231 77 12.65
1612 875 131 77 22.37
1613 876 231 77 20.75
1614 878 231 77 20.03
1615 883 231 77 21.19
1616 884 231 77 22.39
1617 887 242 77 13.87
1618 888 241 77 11.61
1619 889 242 77 23.34
1620 890 242 77 17.4
1621 891 242 77 19.94
1622 892 141 77 23.5
1623 893 141 77 26.63
1624 896 141 77 17.52
1625 897 141 77 19.52
1626 898 141 77 16.88
1627 900 241 77 26.4
1628 901 241 77 22.55
1629 902 241 77 22.37
1630 903 141 77 29.5
1631 904 141 77 22.65
1632 905 141 77 25.03
1633 906 141 77 24.99
1634 908 241 77 31.09
1635 910 241 77 14.94
1636 911 241 77 26.24
1637 912 141 77 26.7
1638 913 141 77 23.93
1639 914 141 77 26.92
1640 915 241 77 27.98
1641 922 241 77 26.05
1642 925 141 77 25.76
1643 926 141 77 19.3
1644 927 141 77 28.1
1645 929 141 77 24.28
1646 930 241 77 19.62
1647 931 241 77 21.06
1648 932 241 77 25.96
1649 933 241 77 11.2
1650 934 141 77 27.38
1651 936 141 77 26.89
1652 937 141 77 20.63
1653 938 141 77 20.03
1654 939 141 77 22.98
1655 940 241 77 26.89
1656 941 241 77 22.14
1657 943 241 77 24.27
1658 944 141 77 26.27
1659 945 241 77 27.82
1660 946 241 77 27.9
1661 948 241 77 24.95
1662 949 241 77 24.41
1663 950 241 77 24.23
1664 951 241 77 17.76
1665 952 141 77 23.5
1666 953 141 77 26.26
1667 955 141 77 29.1
1668 956 141 77 25.78
1669 958 141 77 27.37
1670 959 241 77 33.1
1671 960 241 77 23.95
1672 964 141 77 23.56
1673 965 141 77 13.57
1674 967 241 77 22.35
1675 968 241 77 25.78
1676 969 241 77 23.08
1677 970 241 77 25.29
1678 971 241 77 22.38
1679 972 241 77 26.28
1680 975 141 77 28.25
1681 976 141 77 29.1
1682 977 141 77 28.57
1683 978 141 77 25.3
1684 979 141 77 23.72
1685 980 141 77 27.2
1686 981 141 77 26.38
1687 982 141 77 27.1
1688 983 141 77 28.6
1689 986 141 77 16.42
1690 987 141 77 19.26
1691 989 241 77 18.76
1692 992 141 77 28.25
1693 998 141 77 16.21
1694 999 141 77 19.18
1695 1000 241 77 17.13
1696 1001 241 77 17.75
1697 1003 241 77 21.75
1698 1004 241 77 18.63
1699 1006 241 77 21.43
1700 1008 141 77 25.2
1701 1010 141 77 28.3
1702 1011 141 77 24
1703 1012 241 77 34.5
1704 1013 241 77 24.24
1705 1014 241 77 25.53
1706 1016 241 77 29.64
1707 1017 241 77 34.39
1708 1022 141 77 25.3
1709 1023 241 77 24.4
1710 1034 251 77 25.3
1711 1112 151 77 14.1
1712 1122 251 77 23
1713 1125 251 77 16.7
1714 1128 151 77 24.5
1715 1135 152 77 22
1716 1136 151 77 14
1717 1141 252 77 20.2
1718 1169 151 77 21.8
1719 1170 151 77 18.25
1720 1187 251 77 22.15
1721 1194 151 77 22.8
1722 1195 151 77 20.8
1723 1214 252 77 22.1
1724 1215 252 77 23.9
1725 1226 152 77 26.8
1726 401 111 105 33.05
1727 403 111 105 36.03
1728 404 211 105 39.69
1729 406 211 105 22.5
1730 407 212 105 17.59
1731 409 112 105 36.2
1732 411 112 105 30.52
1733 412 112 105 40.32
1734 413 211 105 35.22
1735 414 211 105 35.46
1736 415 211 105 23.72
1737 416 212 105 33.66
1738 418 211 105 29.98
1739 421 111 105 32.06
1740 423 111 105 23.88
1741 424 212 105 39.69
1742 426 211 105 32.5
1743 428 211 105 34.25
1744 429 111 105 44.44
1745 432 211 105 47.23
1746 433 111 105 48.65
1747 434 211 105 33.32
1748 435 211 105 32.28
1749 440 111 105 27.24
1750 441 211 105 41.75
1751 442 211 105 37.75
1752 446 211 105 40.37
1753 448 111 105 29.98
1754 449 112 105 27.73
1755 450 111 105 31.91
1756 452 211 105 37.68
1757 453 212 105 37.3
1758 456 212 105 29.52
1759 457 212 105 23.44
1760 459 111 105 31.75
1761 460 111 105 45.65
1762 461 212 105 43.52
1763 462 211 105 33.6
1764 463 111 105 42.13
1765 466 111 105 26.82
1766 469 111 105 39.67
1767 472 211 105 27.96
1768 473 211 105 36.25
1769 474 111 105 32.74
1770 477 211 105 26.8
1771 478 211 105 35.37
1772 479 211 105 34.34
1773 481 111 105 37.61
1774 482 111 105 46.02
1775 486 211 105 32.72
1776 488 211 105 42.33
1777 489 212 105 31.45
1778 490 212 105 38.4
1779 494 112 105 33.67
1780 497 211 105 41.2
1781 498 211 105 36.63
1782 499 111 105 31.96
1783 500 111 105 35.43
1784 502 111 105 35.56
1785 503 111 105 33.83
1786 504 211 105 19.33
1787 505 211 105 27.22
1788 506 211 105 37.92
1789 507 111 105 12.79
1790 508 111 105 33.13
1791 512 111 105 17.01
1792 514 211 105 38.42
1793 516 111 105 34.36
1794 517 111 105 42.24
1795 519 111 105 34.53
1796 521 111 105 36.25
1797 530 111 105 29.81
1798 531 111 105 42.05
1799 532 111 105 29.42
1800 534 111 105 26.03
1801 536 111 105 19.74
1802 540 211 105 27.24
1803 541 211 105 25.59
1804 545 121 105 39.01
1805 546 121 105 27.07
1806 547 121 105 39.18
1807 550 221 105 45.69
1808 554 221 105 45.66
1809 555 221 105 32.89
1810 558 122 105 38.7
1811 560 222 105 32.04
1812 563 222 105 34.44
1813 564 221 105 34.32
1814 565 222 105 34.68
1815 567 121 105 24.39
1816 569 121 105 25.74
1817 573 221 105 33.68
1818 574 221 105 26.78
1819 578 121 105 41.27
1820 579 121 105 34.41
1821 581 122 105 37.42
1822 582 121 105 40.54
1823 583 221 105 42.85
1824 584 222 105 46.06
1825 585 222 105 43.88
1826 586 222 105 42.59
1827 587 222 105 41.3
1828 588 222 105 39.35
1829 589 121 105 38.88
1830 590 121 105 33.74
1831 591 122 105 32.7
1832 599 122 105 31.54
1833 601 122 105 30.38
1834 604 122 105 25.65
1835 605 122 105 36.32
1836 626 122 105 32.43
1837 629 122 105 36.25
1838 630 222 105 41.67
1839 631 221 105 34.06
1840 634 221 105 34.42
1841 635 221 105 32.4
1842 637 121 105 30.58
1843 638 121 105 39.92
1844 639 121 105 29.44
1845 640 221 105 37.55
1846 641 221 105 29.4
1847 643 121 105 35.77
1848 644 221 105 34.1
1849 645 221 105 28.15
1850 648 121 105 34.4
1851 649 121 105 37.38
1852 650 121 105 42.56
1853 653 221 105 34.44
1854 654 221 105 34.33
1855 659 121 105 38.93
1856 660 121 105 40.12
1857 662 221 105 29.64
1858 670 222 105 37.47
1859 673 222 105 39.3
1860 674 221 105 31.77
1861 677 121 105 35.1
1862 678 121 105 35.72
1863 679 121 105 40.29
1864 680 221 105 35.1
1865 681 222 105 31.84
1866 683 121 105 25.43
1867 684 121 105 30.47
1868 685 121 105 34.26
1869 688 121 105 32.46
1870 691 221 105 29.21
1871 692 221 105 24.76
1872 695 121 105 38.6
1873 696 121 105 22.16
1874 697 121 105 34.82
1875 698 121 105 32.16
1876 699 121 105 39.28
1877 700 121 105 44.06
1878 702 221 105 38.49
1879 703 221 105 36.25
1880 704 221 105 37.72
1881 705 221 105 34.66
1882 710 121 105 36.64
1883 711 121 105 36.24
1884 712 121 105 41.74
1885 713 221 105 39.15
1886 714 221 105 42.36
1887 715 221 105 35.57
1888 718 121 105 36.59
1889 720 121 105 35.35
1890 721 121 105 37.23
1891 722 221 105 37.05
1892 723 221 105 36.97
1893 725 221 105 37.31
1894 742 121 105 36.35
1895 743 121 105 21.6
1896 745 221 105 29.7
1897 746 221 105 25.74
1898 747 221 105 34
1899 748 221 105 25.65
1900 749 121 105 32.89
1901 750 221 105 33.96
1902 751 222 105 37.58
1903 752 221 105 33.8
1904 753 121 105 37
1905 754 221 105 28.6
1906 755 221 105 30.2
1907 757 132 105 28.09
1908 759 132 105 34.13
1909 760 231 105 36.25
1910 762 231 105 36.25
1911 765 232 105 35.57
1912 767 131 105 39.97
1913 768 231 105 36.54
1914 769 231 105 35.02
1915 777 131 105 43.36
1916 778 131 105 44.06
1917 780 231 105 47.19
1918 781 232 105 40.59
1919 785 131 105 40.58
1920 792 232 105 38.3
1921 794 232 105 40.47
1922 795 232 105 45.05
1923 797 131 105 29.8
1924 798 231 105 40.1
1925 799 231 105 36.6
1926 800 231 105 33.5
1927 801 231 105 40.14
1928 807 132 105 30.89
1929 810 131 105 39.57
1930 811 132 105 37.35
1931 813 231 105 42.64
1932 817 131 105 39.15
1933 819 131 105 25.62
1934 820 131 105 32.85
1935 822 131 105 29.45
1936 824 231 105 38.46
1937 827 131 105 24.7
1938 829 131 105 37.71
1939 830 131 105 39.2
1940 831 231 105 29.3
1941 834 231 105 34.32
1942 836 231 105 24.72
1943 839 131 105 27.74
1944 840 131 105 30.5
1945 851 131 105 42.14
1946 856 231 105 41.4
1947 858 131 105 38.3
1948 860 131 105 30.1
1949 862 231 105 51.95
1950 864 231 105 39.8
1951 865 131 105 43.75
1952 866 131 105 42.4
1953 867 231 105 24.28
1954 868 231 105 29.54
1955 869 231 105 43.82
1956 870 231 105 21.6
1957 875 131 105 30.1
1958 876 231 105 30.18
1959 878 231 105 34.13
1960 883 231 105 37.3
1961 884 231 105 37.67
1962 887 242 105 35.07
1963 888 241 105 23.85
1964 889 242 105 40.84
1965 890 242 105 35.9
1966 891 242 105 34.26
1967 892 141 105 41.5
1968 893 141 105 51.6
1969 896 141 105 30.19
1970 897 141 105 34.35
1971 898 141 105 33.22
1972 900 241 105 45.23
1973 901 241 105 44.88
1974 902 241 105 40.32
1975 903 141 105 43.1
1976 904 141 105 29.8
1977 905 141 105 42.2
1978 906 141 105 41.2
1979 908 241 105 42.7
1980 910 241 105 30.7
1981 911 241 105 38.2
1982 912 141 105 41
1983 913 141 105 44.9
1984 914 141 105 41.2
1985 915 241 105 48.7
1986 922 241 105 43.9
1987 925 141 105 41.8
1988 926 141 105 35.6
1989 927 141 105 52.1
1990 929 141 105 40.4
1991 930 241 105 34.1
1992 931 241 105 38.7
1993 932 241 105 41.6
1994 933 241 105 23.2
1995 934 141 105 42
1996 936 141 105 45
1997 937 141 105 32.8
1998 938 141 105 39
1999 939 141 105 40.3
2000 940 241 105 42.6
2001 941 241 105 37.8
2002 943 241 105 41.2
2003 944 141 105 32.95
2004 945 241 105 49
2005 946 241 105 45.8
2006 948 241 105 41.4
2007 949 241 105 40.05
2008 950 241 105 42.1
2009 951 241 105 30.9
2010 952 141 105 41.45
2011 953 141 105 41.7
2012 955 141 105 46.2
2013 956 141 105 44.8
2014 958 141 105 44.05
2015 959 241 105 41.45
2016 960 241 105 41.38
2017 964 141 105 39.1
2018 965 141 105 30.1
2019 967 241 105 41.8
2020 968 241 105 44.5
2021 969 241 105 41
2022 970 241 105 44
2023 971 241 105 38.6
2024 972 241 105 44.8
2025 975 141 105 44.7
2026 976 141 105 46.9
2027 977 141 105 44
2028 978 141 105 40.2
2029 979 141 105 40.6
2030 980 141 105 41.9
2031 981 141 105 40.3
2032 982 141 105 42.8
2033 983 141 105 48
2034 986 141 105 31.2
2035 987 141 105 36.5
2036 989 241 105 36.6
2037 992 141 105 36.7
2038 998 141 105 44.2
2039 999 141 105 38.1
2040 1000 241 105 35.6
2041 1001 241 105 33.7
2042 1003 241 105 40.1
2043 1004 241 105 30.6
2044 1006 241 105 39.6
2045 1008 141 105 42.9
2046 1010 141 105 49
2047 1011 141 105 39.5
2048 1012 241 105 55
2049 1013 241 105 42.5
2050 1014 241 105 42.8
2051 1016 241 105 47
2052 1017 241 105 50.9
2053 1022 141 105 49
2054 1023 241 105 45.3
2055 1034 251 105 28.5
2056 1112 151 105 26
2057 1122 251 105 28.4
2058 1125 251 105 26
2059 1128 151 105 40.2
2060 1135 152 105 40
2061 1136 151 105 29.5
2062 1141 252 105 34.4
2063 1169 151 105 35.3
2064 1170 151 105 31
2065 1187 251 105 35
2066 1194 151 105 38.1
2067 1195 151 105 36.6
2068 1214 252 105 31.7
2069 1215 252 105 36.5
2070 1226 152 105 41
